7
91
61
74
59
68
9
90
83
26
68
78
12
41
97
39
67
5
7
59
47
54
94
50
65
13
77
45
60
78
93
18
64
14
73
75
12
3
63
52
10
19
31
65
35
88
55
61
78
95
7
51
46
5
93
54
97
11
10
46
91
64
30
5
34
50
14
98
68
22
27
65
43
56
49
28
24
29
16
78
59
16
68
66
72
43
73
60
21
20
79
1
94
17
61
46
89
27
32
85
74
58
93
57
68
43
8
91
56
66
31
68
96
32
88
75
97
65
34
92
78
55
77
49
44
26
71
27
95
4
40
97
98
32
4
1
24
11
98
29
35
82
5
56
90
11
6
62
29
86
50
24
94
41
8
20
81
45
14
42
73
82
96
53
26
34
71
64
29
87
52
86
68
5
58
96
50
21
60
34
21
9
98
9
54
16
4
58
25
84
20
80
98
57
57
53
86
53
30
56
40
42
34
42
35
64
57
89
83
12
70
61
85
81
22
64
85
87
99
11
31
14
40
45
68
73
89
12
49
5
11
98
91
4
94
79
76
56
75
91
59
15
75
14
15
60
95
18
35
94
69
100
54
19
26
27
3
89
75
62
75
46
41
78
2
73
70
82
87
44
88
29
12
8
53
16
39
27
31
8
79
71
77
55
37
11
44
72
79
67
76
87
82
14
16
13
74
97
12
42
91
14
31
92
6
40
88
47
67
11
89
76
59
67
84
5
70
86
42
91
29
98
3
20
68
1
48
99
93
40
42
42
15
89
18
66
41
86
50
98
24
98
6
69
79
1
29
15
30
12
44
88
56
22
13
93
11
11
24
5
92
89
55
27
69
47
61
70
49
19
65
85
37
44
67
32
93
35
42
68
73
34
69
81
97
54
87
94
76
25
55
30
62
45
6
35
44
79
100
33
40
59
66
12
48
60
52
12
56
82
1
76
70
57
32
59
20
74
30
15
60
68
95
24
64
35
23
92
38
32
89
14
35
10
28
15
68
58
34
38
3
75
38
95
25
79
60
5
13
48
16
70
49
85
73
73
65
42
48
13
37
60
74
24
94
88
42
61
30
18
91
63
41
93
13
85
30
100
100
85
76
18
80
91
17
19
65
51
37
56
50
27
10
21
2
44
1
15
2
37
38
100
76
96
57
53
30
57
73
89
43
65
42
63
38
19
81
84
8
75
24
92
25
74
69
65
54
20
92
70
84
16
99
63
48
76
43
85
35
64
90
8
78
49
14
85
85
47
84
83
64
18
7
27
14
47
76
2
28
92
100
10
66
4
5
27
67
80
16
62
76
97
49
44
86
16
14
76
61
84
81
7
37
9
6
66
9
72
50
2
1
42
57
43
65
80
43
75
44
87
19
6
32
22
7
68
69
64
42
99
33
100
41
44
12
93
74
57
98
39
18
95
30
15
61
35
40
7
79
7
74
39
33
74
65
75
76
15
2
39
98
46
31
52
69
2
1
14
31
73
6
86
78
6
70
24
76
17
62
72
29
63
85
35
25
94
68
67
80
37
17
60
56
59
42
73
65
79
46
59
35
27
76
7
2
89
62
27
5
42
100
59
53
30
11
35
61
96
27
75
35
34
35
95
56
46
30
19
65
97
59
97
72
3
38
2
87
79
34
37
32
41
63
38
38
58
7
26
49
7
12
70
53
72
25
2
93
82
52
56
59
44
63
8
83
3
88
51
93
9
49
83
62
91
43
94
72
97
57
98
40
5
71
59
86
90
45
1
78
36
10
6
28
79
78
89
79
55
55
36
70
57
34
40
59
30
8
63
29
31
31
96
26
54
17
55
73
5
23
94
59
88
73
57
99
43
56
84
13
55
16
17
42
22
28
83
71
32
1
56
82
82
72
48
6
15
81
74
62
24
16
75
32
61
77
83
85
77
41
16
75
25
51
75
16
14
54
4
26
34
84
42
5
68
13
77
17
26
51
85
63
82
22
89
39
42
86
82
45
46
99
94
91
85
81
58
32
98
32
93
61
77
49
29
40
74
71
65
49
100
67
60
27
56
53
94
3
62
37
75
29
73
59
81
36
90
52
20
87
55
46
20
94
59
25
87
33
94
49
65
71
21
33
46
80
40
68
35
33
88
55
70
61
58
65
88
18
69
93
51
23
52
79
94
55
47
66
69
32
66
61
10
14
72
4
8
41
14
1
97
23
17
87
99
1
76
59
37
94
37
69
65
1
99
42
20
43
39
91
33
74
100
3
67
27
45
57
90
54
58
48
4
68
97
28
6
65
80
94
79
